**************************************************************
Probe number 0 
Concentration entered by User 0.00% 
1181.00	1197.60	1217.26	1231.70	1252.54	1277.24	1299.12	1324.58	1347.70	1374.94	1410.12	1445.34	1476.52	1504.88	1527.64	1565.12	
1603.56	1654.32	1704.06	1767.62	1856.72	1943.80	2044.90	2165.34	2326.74	2582.56	2929.76	3257.68	3509.08	3675.94	3685.82	3680.44	
3645.50	3616.20	3571.86	3537.54	3529.30	3525.66	3570.10	3616.44	3620.86	3618.94	3582.04	3557.70	3531.88	3562.42	3569.46	3574.44	
3614.28	3671.66	3687.16	3698.48	3698.76	3693.38	3661.00	3656.38	3669.02	3693.66	3730.22	3747.70	3751.70	3763.42	3756.42	3754.06	
3758.88	3763.40	3772.86	3768.60	3766.22	3763.28	3740.98	3716.42	3695.10	3670.48	3613.10	3568.02	3561.62	3573.40	3544.46	3559.60	
3546.60	3588.34	3616.48	3663.92	3686.78	3699.54	3738.52	3743.18	3756.76	3761.80	3747.42	3722.26	3691.66	3695.16	3694.72	3707.44	
3747.04	3739.64	3738.48	3750.26	3749.86	3752.54	3749.44	3742.72	3723.68	3701.22	3728.26	3744.58	3749.32	3751.26	3735.20	3748.58	
3764.70	3760.38	3760.42	3764.78	3768.68	3760.96	3765.94	3766.22	3756.66	3758.46	3763.84	3752.14	3749.98	3763.34	3765.64	3715.58	

**************************************************************
Probe number 1 
Concentration entered by User 1.00% 
1178.70	1193.88	1212.36	1228.40	1248.34	1270.16	1291.70	1315.48	1336.42	1362.16	1394.86	1426.62	1454.34	1478.84	1497.86	1529.88	
1564.86	1609.70	1651.48	1707.60	1782.68	1856.78	1939.48	2034.86	2152.16	2318.76	2559.70	2926.78	3269.82	3517.98	3677.88	3674.50	
3629.72	3604.84	3563.38	3532.16	3528.68	3526.74	3572.52	3617.20	3621.68	3619.12	3581.28	3556.86	3537.02	3562.98	3573.92	3583.14	
3622.16	3674.84	3686.20	3692.12	3688.10	3680.70	3642.54	3645.44	3664.04	3687.56	3723.74	3740.46	3739.48	3752.48	3746.90	3748.04	
3753.64	3753.92	3761.04	3755.10	3750.52	3748.04	3722.74	3694.64	3669.38	3640.32	3576.18	3530.42	3516.54	3532.26	3504.98	3531.26	
3519.58	3558.72	3586.20	3636.88	3660.30	3671.20	3713.56	3717.70	3736.86	3749.86	3737.14	3712.60	3676.90	3675.80	3679.40	3702.64	
3743.70	3735.66	3731.90	3739.54	3739.30	3742.76	3740.78	3733.38	3711.64	3686.32	3715.10	3739.80	3745.92	3745.98	3726.18	3740.56	
3760.30	3759.58	3761.62	3762.22	3763.58	3755.80	3762.96	3765.14	3757.08	3759.72	3764.42	3750.72	3741.40	3754.22	3760.12	3715.32	

**************************************************************
Probe number 2 
Concentration entered by User 2.00% 
1172.06	1187.30	1203.50	1215.26	1234.60	1255.34	1273.04	1295.12	1314.70	1337.36	1368.40	1397.12	1422.50	1443.66	1459.04	1488.94	
1519.78	1561.16	1598.96	1648.70	1715.86	1776.32	1844.36	1920.34	2013.36	2141.20	2299.86	2545.68	2905.08	3271.76	3521.58	3682.32	
3669.44	3634.58	3600.02	3567.60	3562.42	3557.10	3600.96	3641.54	3641.54	3639.46	3605.52	3588.72	3570.60	3603.14	3610.30	3620.92	
3656.12	3702.70	3714.36	3721.20	3718.62	3714.30	3682.82	3680.36	3690.66	3706.50	3738.66	3751.84	3751.54	3762.10	3754.88	3751.88	
3755.98	3756.84	3767.14	3762.10	3757.54	3754.22	3728.50	3696.00	3675.40	3646.84	3583.48	3540.08	3529.80	3541.52	3517.92	3537.54	
3529.26	3567.64	3592.86	3640.82	3663.50	3673.18	3712.94	3714.06	3730.44	3741.52	3728.42	3704.70	3675.26	3677.64	3678.42	3697.26	
3741.00	3738.38	3736.38	3744.78	3742.60	3746.50	3746.88	3734.88	3711.04	3683.50	3716.84	3739.90	3747.46	3747.90	3727.94	3742.22	
3761.26	3758.92	3759.86	3763.12	3766.90	3759.18	3766.88	3767.78	3758.10	3759.48	3765.06	3754.92	3752.20	3766.08	3768.96	3721.70	

**************************************************************
Probe number 3 
Concentration entered by User 3.00% 
1155.40	1168.30	1184.18	1198.02	1218.58	1239.46	1257.64	1278.48	1295.46	1317.92	1347.68	1373.28	1395.76	1415.18	1430.02	1456.84	
1486.86	1524.94	1559.44	1602.34	1658.40	1709.02	1765.02	1827.56	1901.26	2000.36	2116.66	2282.16	2516.50	2852.44	3227.76	3475.70	
3627.36	3643.22	3576.20	3543.50	3535.22	3531.74	3583.64	3627.80	3634.34	3635.84	3603.42	3579.50	3554.80	3581.84	3584.58	3588.90	
3625.56	3678.14	3694.68	3707.14	3708.34	3702.62	3667.84	3661.98	3674.24	3696.78	3732.72	3752.52	3755.58	3767.98	3760.22	3758.24	
3764.08	3767.32	3776.52	3772.04	3768.48	3767.40	3745.38	3718.94	3697.16	3668.76	3608.50	3559.12	3546.30	3555.22	3520.78	3541.36	
3531.92	3576.24	3606.10	3653.00	3677.86	3687.48	3728.54	3735.82	3752.34	3762.88	3751.74	3728.90	3699.46	3699.20	3700.68	3715.30	
3752.56	3746.96	3744.84	3754.06	3753.18	3757.34	3756.38	3747.72	3725.14	3701.16	3728.38	3748.28	3754.32	3755.26	3736.02	3746.36	
3762.12	3760.36	3758.92	3761.84	3764.64	3759.78	3768.96	3771.52	3761.58	3762.68	3770.52	3762.04	3759.30	3771.58	3774.08	3728.54	

**************************************************************
Probe number 4 
Concentration entered by User 3.40% 
1133.10	1146.72	1162.02	1174.24	1193.22	1210.24	1227.40	1247.90	1264.22	1284.40	1312.68	1340.40	1363.48	1382.92	1397.90	1424.30	
1452.92	1492.52	1526.86	1569.46	1627.26	1676.36	1730.60	1791.72	1867.04	1961.80	2067.12	2210.00	2412.00	2702.34	3085.90	3378.62	
3560.16	3645.68	3584.30	3553.84	3545.92	3536.88	3584.78	3629.48	3633.18	3632.28	3598.78	3574.22	3552.96	3584.20	3590.48	3596.98	
3634.72	3685.22	3699.26	3710.26	3708.28	3697.80	3657.52	3647.16	3667.14	3697.88	3739.58	3761.24	3761.12	3768.88	3759.08	3757.88	
3764.92	3771.60	3782.76	3779.98	3776.52	3773.38	3751.58	3725.54	3703.66	3678.60	3618.68	3570.46	3558.28	3572.60	3549.16	3573.10	
3558.46	3595.56	3617.96	3664.90	3689.48	3702.96	3741.16	3743.78	3754.82	3760.72	3748.06	3727.00	3698.96	3700.78	3701.06	3712.46	
3748.20	3741.52	3738.30	3748.82	3750.86	3754.52	3752.62	3740.10	3715.72	3692.34	3722.78	3744.86	3751.02	3750.88	3732.10	3745.08	
3762.72	3760.28	3760.12	3762.56	3766.54	3760.40	3768.54	3770.40	3760.84	3762.24	3769.02	3760.28	3756.74	3769.08	3772.28	3727.30	

**************************************************************
Probe number 5 
Concentration entered by User 3.80% 
1148.70	1161.48	1177.36	1192.40	1210.80	1232.94	1252.10	1272.54	1290.82	1311.56	1338.96	1363.58	1385.38	1404.16	1418.84	1443.78	
1471.18	1506.34	1538.88	1579.94	1634.62	1683.04	1735.12	1789.74	1855.42	1943.32	2039.30	2173.88	2351.54	2597.18	2949.98	3285.92	
3472.48	3612.88	3590.64	3540.40	3531.16	3520.16	3565.76	3610.26	3620.86	3627.86	3597.56	3565.78	3536.14	3561.32	3563.30	3568.96	
3611.98	3672.42	3686.84	3702.34	3703.60	3695.52	3661.80	3652.94	3664.82	3689.76	3728.50	3748.84	3753.90	3767.28	3758.16	3755.52	
3761.20	3764.20	3774.20	3770.52	3766.46	3765.16	3741.92	3712.94	3689.56	3661.98	3599.44	3547.40	3534.90	3545.42	3516.64	3538.84	
3524.32	3566.50	3594.48	3646.00	3671.42	3684.80	3728.70	3736.18	3752.36	3762.66	3750.64	3729.82	3701.78	3702.06	3702.80	3716.12	
3753.30	3748.04	3746.80	3756.86	3756.70	3757.66	3754.52	3745.24	3724.72	3704.12	3730.76	3750.38	3756.82	3757.02	3740.16	3751.08	
3767.20	3765.14	3764.96	3765.82	3767.76	3761.76	3769.86	3770.86	3760.94	3762.36	3767.28	3757.12	3754.32	3767.98	3770.56	3722.56	

**************************************************************
Probe number 6 
Concentration entered by User 4.50% 
1128.60	1140.04	1153.60	1162.38	1178.84	1196.94	1213.38	1232.26	1249.64	1270.16	1297.68	1322.26	1342.86	1360.36	1372.92	1396.54	
1421.80	1454.16	1485.20	1523.08	1574.88	1618.50	1664.26	1714.14	1773.00	1851.04	1935.18	2048.60	2194.62	2380.66	2648.26	3005.00	
3293.02	3481.84	3593.50	3553.62	3536.98	3535.34	3582.32	3623.00	3624.56	3621.06	3585.88	3564.66	3542.46	3573.80	3580.96	3585.20	
3621.06	3674.10	3688.02	3700.56	3702.18	3695.08	3660.52	3653.16	3662.86	3685.90	3725.96	3746.68	3750.88	3764.06	3755.08	3751.96	
3758.04	3761.26	3771.60	3768.68	3766.32	3764.58	3742.84	3715.44	3690.48	3661.88	3600.96	3550.58	3540.28	3553.96	3528.22	3548.54	
3534.68	3572.00	3597.26	3649.78	3677.12	3689.66	3730.76	3736.04	3751.06	3760.62	3747.84	3727.30	3697.44	3697.08	3696.68	3710.32	
3749.22	3745.36	3744.32	3752.90	3752.74	3755.64	3755.24	3746.92	3726.94	3705.78	3733.48	3750.36	3754.68	3753.82	3736.72	3749.82	
3765.06	3762.42	3760.62	3762.46	3765.66	3760.90	3769.64	3771.60	3760.80	3760.98	3766.32	3757.78	3756.46	3769.26	3772.08	3724.52	

**************************************************************
Probe number 7 
Concentration entered by User 5.00% 
1139.66	1151.24	1163.52	1173.12	1191.76	1214.90	1234.78	1257.50	1280.54	1308.06	1340.80	1365.20	1384.74	1395.92	1402.54	1425.94	
1448.12	1479.68	1506.88	1543.60	1588.94	1626.90	1668.30	1711.22	1761.84	1832.72	1910.94	2012.98	2143.78	2303.88	2518.92	2823.06	
3151.96	3378.40	3537.80	3577.56	3541.56	3538.50	3584.42	3623.84	3627.78	3627.24	3592.90	3569.92	3546.98	3578.70	3585.08	3589.96	
3625.90	3677.98	3691.92	3705.98	3706.98	3700.04	3665.86	3658.54	3669.02	3690.86	3728.94	3748.92	3752.60	3765.98	3756.96	3754.04	
3759.58	3762.66	3772.42	3768.76	3765.04	3764.00	3741.56	3713.70	3688.64	3658.64	3595.02	3542.50	3529.02	3541.74	3512.28	3533.08	
3519.78	3560.08	3586.60	3640.40	3665.76	3677.64	3721.92	3729.54	3746.06	3756.40	3742.98	3721.32	3691.26	3690.90	3692.18	3707.34	
3747.94	3743.94	3742.34	3751.90	3751.52	3754.42	3753.44	3744.80	3722.86	3700.34	3727.08	3746.60	3753.06	3753.70	3737.16	3749.30	
3764.78	3761.40	3762.30	3764.72	3767.52	3760.72	3768.32	3769.78	3760.70	3761.68	3766.50	3756.50	3754.46	3768.36	3771.00	3723.42	

**************************************************************
Probe number 8 
Concentration entered by User 5.40% 
1119.86	1130.62	1143.90	1155.54	1173.60	1191.68	1208.96	1227.36	1243.82	1262.90	1290.16	1313.12	1332.70	1348.66	1359.68	1381.68	
1405.10	1435.98	1464.46	1501.16	1548.88	1590.28	1632.48	1676.36	1728.76	1796.30	1867.80	1962.38	2084.34	2226.72	2410.74	2661.78	
2981.14	3279.82	3456.42	3579.80	3574.54	3554.92	3597.62	3637.80	3640.26	3638.98	3607.58	3582.30	3560.96	3590.76	3595.00	3598.04	
3629.94	3676.98	3691.44	3704.08	3705.58	3700.76	3669.10	3662.02	3670.00	3689.80	3725.86	3748.62	3756.30	3773.46	3766.38	3762.74	
3764.76	3768.52	3779.76	3778.16	3776.70	3774.68	3752.44	3723.72	3702.18	3678.36	3619.20	3570.10	3556.86	3556.60	3523.70	3548.30	
3536.82	3578.14	3601.64	3654.18	3680.00	3693.40	3736.10	3740.58	3755.18	3765.24	3753.76	3736.24	3709.10	3709.26	3708.86	3720.72	
3757.06	3753.02	3752.66	3761.02	3760.04	3760.48	3759.48	3751.96	3732.54	3709.74	3734.58	3753.34	3761.92	3763.62	3750.40	3756.42	
3770.66	3761.36	3761.18	3760.22	3760.60	3754.20	3761.96	3759.62	3745.76	3751.02	3762.22	3756.50	3756.72	3769.58	3772.58	3730.76	

**************************************************************
Probe number 9 
Concentration entered by User 6.00% 
1127.88	1139.52	1152.66	1160.86	1174.86	1189.78	1202.98	1219.74	1234.16	1250.52	1271.98	1293.76	1312.22	1328.22	1339.42	1359.66	
1381.30	1409.16	1434.44	1468.14	1513.24	1552.32	1591.52	1632.10	1679.42	1740.72	1805.56	1891.08	1995.82	2120.10	2269.22	2461.54	
2713.94	3045.28	3281.76	3458.46	3560.46	3533.90	3576.10	3613.76	3616.10	3613.22	3577.34	3554.12	3530.22	3560.94	3564.38	3566.90	
3604.90	3659.68	3672.94	3688.30	3689.90	3682.22	3646.02	3636.12	3648.56	3674.30	3717.74	3743.20	3748.44	3762.64	3751.46	3745.72	
3752.10	3757.38	3769.68	3767.42	3762.70	3759.12	3734.24	3703.82	3678.30	3645.40	3580.42	3528.60	3515.30	3529.34	3501.92	3520.58	
3506.50	3541.86	3567.44	3623.98	3653.12	3665.98	3709.76	3717.10	3733.50	3746.22	3734.06	3712.50	3682.88	3682.00	3682.12	3698.16	
3740.72	3736.60	3735.30	3745.84	3746.12	3748.92	3747.64	3738.06	3716.14	3693.46	3722.76	3743.80	3752.08	3753.90	3738.18	3750.48	
3765.08	3762.10	3762.82	3765.58	3768.96	3761.94	3768.14	3769.84	3761.24	3762.66	3766.88	3757.02	3754.80	3768.78	3770.32	3720.00	

**************************************************************
Probe number 10 
Concentration entered by User 6.50% 
1108.26	1119.66	1132.40	1141.74	1159.02	1177.02	1193.42	1210.62	1225.94	1243.98	1269.78	1292.26	1310.82	1324.80	1335.40	1356.38	
1377.44	1404.92	1430.04	1461.88	1505.56	1542.66	1581.50	1619.84	1665.20	1721.64	1782.40	1860.04	1955.12	2066.76	2197.34	2359.12	
2561.96	2857.50	3162.12	3366.14	3534.72	3570.50	3587.10	3626.44	3628.48	3626.18	3592.20	3572.50	3550.48	3582.10	3587.52	3593.50	
3631.48	3684.56	3697.70	3710.32	3712.04	3706.28	3674.30	3668.56	3680.48	3702.30	3738.00	3756.02	3757.92	3769.88	3760.36	3756.42	
3761.24	3764.42	3774.22	3770.34	3765.78	3764.30	3740.32	3710.24	3684.16	3652.04	3587.80	3532.78	3517.04	3524.60	3492.16	3515.72	
3500.88	3544.36	3572.20	3627.34	3653.16	3663.70	3709.38	3717.68	3735.72	3748.96	3737.42	3715.86	3684.36	3683.48	3684.48	3702.58	
3745.50	3741.56	3740.28	3748.44	3749.16	3752.32	3751.14	3740.56	3717.38	3692.86	3722.68	3744.08	3751.20	3751.50	3734.26	3747.16	
3763.60	3760.84	3760.76	3763.12	3767.08	3761.56	3769.26	3770.22	3760.66	3762.44	3767.94	3758.84	3757.18	3770.40	3772.56	3725.12	

**************************************************************
Probe number 11 
Concentration entered by User 8.00% 
1099.88	1109.42	1120.36	1128.08	1141.44	1158.22	1172.72	1187.94	1201.28	1218.28	1242.90	1263.28	1279.20	1291.84	1300.88	1318.76	
1338.40	1363.66	1386.82	1414.48	1452.70	1484.60	1516.80	1550.66	1588.56	1634.50	1683.34	1745.74	1820.02	1904.14	1997.74	2103.70	
2212.72	2365.52	2565.84	2871.84	3167.58	3369.90	3577.24	3623.16	3610.88	3611.76	3578.32	3552.24	3526.50	3554.98	3553.14	3556.24	
3597.68	3654.12	3668.70	3684.02	3686.56	3680.46	3643.40	3630.52	3640.64	3670.30	3712.54	3735.74	3739.72	3755.40	3741.54	3735.38	
3742.52	3748.64	3762.80	3762.02	3756.98	3755.48	3730.60	3700.22	3675.02	3646.98	3585.52	3536.90	3521.68	3528.84	3496.38	3520.46	
3505.70	3547.36	3575.38	3628.94	3653.36	3664.90	3711.08	3721.02	3740.92	3753.46	3742.38	3720.78	3690.34	3688.98	3691.12	3707.70	
3749.28	3745.00	3743.90	3752.88	3753.66	3757.34	3755.16	3744.18	3720.72	3697.24	3727.20	3748.40	3755.14	3754.72	3736.30	3749.42	
3765.80	3763.78	3763.14	3764.40	3767.36	3760.60	3769.28	3771.16	3762.30	3763.74	3770.14	3761.94	3757.94	3770.86	3772.54	3723.52	

**************************************************************
Probe number 12 
Concentration entered by User 9.80% 
1145.14	1158.78	1175.54	1187.10	1196.46	1204.64	1210.36	1216.10	1224.36	1235.28	1254.76	1271.66	1287.02	1295.32	1302.18	1317.40	
1335.16	1362.08	1391.50	1425.10	1461.78	1486.34	1507.04	1523.16	1548.10	1578.26	1612.90	1654.12	1705.48	1765.38	1830.04	1899.56	
1967.92	2054.84	2155.98	2299.02	2514.68	2826.92	3191.56	3442.08	3620.40	3636.44	3579.82	3560.60	3535.78	3565.20	3567.80	3572.94	
3611.68	3665.56	3678.08	3692.20	3691.56	3684.78	3650.12	3644.86	3658.68	3682.66	3722.48	3743.56	3747.86	3762.02	3752.48	3748.56	
3753.38	3756.98	3768.12	3765.64	3761.42	3760.10	3736.06	3705.90	3679.08	3648.10	3585.42	3535.70	3523.24	3533.62	3505.50	3527.94	
3510.06	3551.06	3570.74	3620.84	3646.44	3661.10	3707.00	3717.16	3736.64	3746.78	3734.78	3715.00	3683.58	3683.24	3687.02	3703.26	
3746.54	3743.20	3741.98	3750.56	3751.68	3754.44	3753.12	3743.66	3720.98	3697.54	3726.16	3746.64	3754.10	3754.06	3735.98	3748.00	
3764.00	3762.36	3762.94	3764.08	3766.60	3761.14	3769.50	3771.14	3762.12	3763.56	3768.26	3759.46	3757.46	3770.20	3772.66	3725.48	

**************************************************************
Probe number 13 
Concentration entered by User 12.00% 
1068.40	1077.18	1088.46	1095.14	1105.38	1116.24	1126.80	1138.26	1148.60	1159.50	1175.20	1190.22	1203.20	1211.80	1217.94	1230.52	
1244.08	1260.90	1275.14	1293.70	1319.78	1341.44	1362.74	1384.18	1410.34	1441.16	1472.50	1510.64	1556.06	1604.22	1653.00	1704.06	
1750.06	1804.94	1865.80	1940.16	2037.44	2159.98	2348.40	2615.64	2958.74	3252.78	3437.92	3572.90	3541.02	3559.86	3562.98	3566.62	
3605.82	3658.72	3671.28	3686.38	3688.26	3681.42	3646.24	3639.52	3653.38	3678.78	3720.74	3743.34	3746.54	3761.28	3751.52	3747.60	
3753.04	3758.26	3768.82	3765.58	3759.70	3757.32	3731.86	3701.84	3677.74	3645.62	3581.46	3527.96	3511.32	3520.66	3488.72	3515.34	
3502.66	3546.08	3571.92	3625.74	3653.14	3666.76	3714.46	3723.92	3741.28	3753.54	3741.00	3719.84	3687.02	3685.06	3687.32	3704.04	
3746.28	3742.58	3741.06	3748.94	3749.54	3752.02	3751.00	3741.50	3718.64	3694.04	3723.76	3745.22	3752.52	3752.38	3734.50	3747.48	
3763.78	3761.14	3761.74	3763.86	3766.94	3761.10	3769.26	3771.12	3761.58	3761.38	3765.46	3756.18	3755.54	3770.62	3773.66	3725.06	

**************************************************************
Probe number 14 
Concentration entered by User 13.90% 
1079.96	1087.78	1097.76	1106.32	1125.36	1139.12	1153.12	1165.52	1176.48	1186.26	1203.60	1221.64	1235.22	1242.08	1247.56	1261.24	
1275.70	1292.44	1303.74	1318.50	1344.84	1367.30	1388.18	1408.16	1433.06	1456.56	1478.90	1504.06	1537.56	1569.62	1602.46	1638.42	
1666.58	1702.52	1741.54	1788.96	1852.70	1925.90	2033.00	2164.10	2315.10	2526.00	2800.84	3111.12	3326.34	3549.22	3591.30	3564.84	
3605.32	3658.40	3668.52	3684.96	3685.96	3679.88	3645.10	3640.10	3651.56	3676.72	3719.04	3741.38	3746.12	3761.76	3751.74	3747.78	
3752.16	3755.66	3767.92	3765.46	3762.58	3759.86	3733.74	3702.84	3674.96	3645.88	3581.72	3529.88	3519.16	3527.76	3497.32	3523.08	
3509.24	3550.58	3573.16	3627.92	3657.62	3672.56	3718.82	3725.24	3742.38	3755.24	3743.84	3721.64	3686.86	3685.02	3688.58	3706.26	
3749.70	3745.18	3742.54	3750.72	3751.14	3753.68	3752.90	3743.94	3720.82	3697.52	3727.06	3747.08	3754.56	3754.50	3736.78	3749.08	
3764.76	3762.42	3762.18	3764.08	3767.10	3760.84	3768.20	3769.44	3760.40	3763.70	3770.06	3760.14	3756.56	3769.10	3772.68	3726.82	

**************************************************************
Probe number 15 
Concentration entered by User 20.30% 
1038.16	1044.44	1051.94	1056.90	1064.18	1070.38	1076.48	1083.00	1089.04	1093.58	1101.22	1108.42	1114.88	1118.24	1120.10	1125.50	
1132.84	1141.38	1147.98	1156.92	1170.16	1180.50	1190.30	1200.00	1212.12	1227.02	1240.22	1257.56	1277.22	1297.66	1317.94	1337.86	
1353.20	1370.84	1389.86	1411.94	1438.70	1468.22	1510.16	1554.74	1596.22	1641.40	1679.92	1731.78	1788.10	1873.84	1961.86	2068.60	
2219.62	2434.68	2711.48	3087.58	3368.22	3584.24	3655.58	3629.86	3642.14	3661.92	3702.14	3723.30	3727.70	3744.94	3737.92	3734.58	
3741.14	3743.88	3756.42	3752.96	3748.82	3746.80	3722.18	3691.54	3667.60	3639.18	3575.68	3525.80	3513.68	3524.04	3496.16	3520.48	
3505.98	3544.62	3571.46	3626.58	3655.74	3670.92	3716.02	3724.32	3741.36	3755.18	3743.16	3720.94	3684.36	3680.26	3681.92	3700.78	
3744.84	3740.12	3738.20	3746.06	3746.02	3750.20	3751.50	3744.94	3722.32	3697.82	3725.74	3746.66	3755.06	3756.30	3737.60	3748.30	
3763.28	3761.84	3762.08	3764.40	3767.20	3760.82	3768.08	3769.36	3759.46	3760.60	3765.48	3756.86	3755.46	3769.48	3771.48	3722.32	

